-9.0	37.0	-794.9409800514333	3633.966612480672	
-9.1	38.0	-799.0256698703434	3732.181926331501	
-9.5	38.1	-833.6458240616109	3742.003457716584	
-9.0	40.5	-778.044709873254	3977.7202109585733	
-9.3	43.0	-790.7113294396443	4223.258495585646	
-5.0	43.5	-423.64546339787114	4272.36615251106	
-2.0	43.4	-169.57607319630617	4262.544621125977	
-1.5	45.0	-125.74802121833639	4419.689123287304	
-2.1	46.0	-174.76347391079307	4517.904437138133	
-5.0	48.0	-409.83546590389926	4714.335064839791	
0.0	49.0	0.0	4812.550378690619	
2.0	51.0	160.0242135705152	5008.981006392278	
4.0	53.0	314.6455304597026	5205.411634093935	
5.0	54.0	389.86206720405727	5303.626947944765	
8.0	54.5	620.9969476003319	5352.734604870179	
7.0	57.0	530.9752266358487	5598.272889497252	
11.0	58.0	826.4382538670145	5696.488203348081	
11.5	55.0	888.6584954958003	5401.842261795594	
9.0	55.0	695.4718660401915	5401.842261795594	
12.0	54.0	935.6689612897376	5303.626947944765	
14.0	55.0	1081.845124951409	5401.842261795594	
14.7	54.4	1142.1069748748387	5342.913073485096	
18.0	55.0	1390.943732080383	5401.842261795594	
19.0	54.0	1481.4758553754177	5303.626947944765	
22.0	56.0	1684.5028240520116	5500.057575646422	
22.0	57.0	1668.7792837126672	5598.272889497252	
23.0	57.5	1736.3431804402076	5647.380546422666	
24.0	56.0	1837.6394444203763	5500.057575646422	
24.0	58.0	1803.1380084371228	5696.488203348081	
23.0	58.1	1726.3345835835278	5706.309734733163	
22.8	59.0	1696.3193162650125	5794.70351719891	
21.0	58.0	1577.7457573824822	5696.488203348081	
20.0	60.0	1473.2297077624346	5892.918831049738	
19.0	60.5	1392.4990593623688	5942.026487975153	
23.5	60.0	1731.0449066208605	5892.918831049738	
22.0	61.0	1604.141471473466	5991.134144900567	
21.8	63.0	1556.5650526216714	6187.564772602225	
25.0	66.0	1727.0385113143911	6482.210714154712	
23.0	66.0	1588.87543040924	6482.210714154712	
20.0	62.0	1443.246107338844	6089.349458751396	
18.0	61.0	1312.4793857510178	5991.134144900567	
18.2	60.5	1333.8675200207954	5942.026487975153	
19.0	60.0	1399.5682223743129	5892.918831049738	
17.0	57.5	1283.3840898905883	5647.380546422666	
17.0	56.0	1301.6612731311	5500.057575646422	
13.0	55.0	1004.5704731691656	5401.842261795594	
11.0	60.0	810.276339269339	5892.918831049738	
8.0	58.0	601.0460028123742	5696.488203348081	
5.3	59.0	394.3198410616038	5794.70351719891	
5.0	62.0	360.811526834711	6089.349458751396	
10.0	64.0	706.3503680793301	6285.7800864530545	
13.0	66.0	898.0600258834834	6482.210714154712	
20.0	70.0	1318.0692957086505	6875.071969558027	
25.0	71.0	1627.3886540084225	6973.287283408857	
34.0	69.0	2268.013086321478	6776.856655707199	
41.0	67.0	2800.117432467177	6580.426028005542	
40.0	66.0	2763.2616181030257	6482.210714154712	
39.0	65.0	2724.596531802279	6383.995400303883	
33.0	67.0	2253.753055400411	6580.426028005542	
35.0	64.0	2472.226288277656	6285.7800864530545	
40.0	65.0	2794.457981335671	6383.995400303883	
43.0	66.0	2970.506239460753	6482.210714154712	
44.0	68.0	2970.163195862778	6678.641341856372	
46.0	67.0	3141.595168133906	6580.426028005542	
46.0	66.0	3177.75086081848	6482.210714154712	
55.0	68.0	3712.703994828473	6678.641341856372	
60.0	70.0	3954.2078871259514	6875.071969558027	
66.0	69.0	4402.613638153457	6776.856655707199	
69.0	67.0	4712.392752200859	6580.426028005542	
66.0	70.0	4349.628675838548	6875.071969558027	
70.0	73.0	4442.574240694606	7169.717911110516	
73.0	72.0	4692.641295259056	7071.502597259685	
73.0	68.0	4927.770756772336	6678.641341856372	
70.0	66.0	4835.707831680295	6482.210714154712	
69.0	65.0	4820.440017804032	6383.995400303883	
69.0	64.5	4847.18432373415	6334.887743378468	
70.0	65.0	4890.301467337424	6383.995400303883	
74.0	68.0	4995.274465769218	6678.641341856372	
74.5	73.0	4728.168299024973	7169.717911110516	
80.0	73.0	5077.227703650979	7169.717911110516	
83.0	71.0	5402.930331307963	6973.287283408857	
80.0	74.0	5011.484930456326	7267.933224961344	
85.0	75.0	5254.500572836158	7366.148538812174	
88.0	76.0	5366.932945199663	7464.363852663002	
91.0	76.5	5512.016670567575	7513.471509588417	
95.0	76.8	5730.5361457757035	7542.936103743665	
100.0	77.0	6015.447612714327	7562.579166513831	
105.0	78.0	6228.359855431966	7660.79448036466	
106.0	76.0	6464.7146839905035	7464.363852663002	
112.0	76.0	6830.641930254117	7464.363852663002	
114.0	74.0	7141.3660259002645	7267.933224961344	
103.0	72.0	6621.124019338121	7071.502597259685	
112.5	73.0	7139.851458259189	7169.717911110516	
118.0	74.0	7391.940272423081	7267.933224961344	
125.0	74.1	7820.144031064635	7277.754756346427	
129.0	73.4	8144.691480478041	7209.0040366508465	
130.0	71.0	8462.421000843797	6973.287283408857	
133.0	72.0	8549.606743417185	7071.502597259685	
140.0	72.0	8999.586045702299	7071.502597259685	
140.0	73.0	8885.148481389211	7169.717911110516	
145.0	72.8	9226.232027573822	7150.074848340349	
150.0	72.7	9556.65603297971	7140.253316955267	
153.0	71.0	9959.618562531547	6973.287283408857	
160.0	71.0	10415.287385653903	6973.287283408857	
160.0	69.0	10673.002759159896	6776.856655707199	
166.0	69.2	11046.65721599177	6796.499718477366	
170.0	68.0	11475.630529469827	6678.641341856372	
170.0	70.0	11203.589013523531	6875.071969558027	
175.0	69.8	11561.277423289655	6855.428906787862	
178.0	69.0	11873.715569565384	6776.856655707199	
180.0	66.0	12434.677281463617	6482.210714154712	
175.0	64.8	12252.919052769168	6364.352337533718	
179.0	63.0	12780.96992748987	6187.564772602225	
175.0	62.0	12628.403439214886	6089.349458751396	
170.0	60.0	12522.452515980694	5892.918831049738	
166.0	60.0	12227.806574428207	5892.918831049738	
163.0	60.0	12006.822118263843	5892.918831049738	
164.0	58.0	12321.443057653672	5696.488203348081	
160.0	54.0	12475.586150529833	5303.626947944765	
157.0	51.0	12561.900765285443	5008.981006392278	
156.0	55.0	12054.845678029984	5401.842261795594	
157.0	56.0	12021.224698916629	5500.057575646422	
164.0	63.0	11709.938927979545	6187.564772602225	
160.0	61.0	11666.483428897936	5991.134144900567	
160.0	62.0	11545.968858710752	6089.349458751396	
155.0	62.0	11185.15733187604	6089.349458751396	
154.0	60.0	11343.868749770747	5892.918831049738	
152.0	59.0	11308.79544176675	5794.70351719891	
148.0	59.0	11011.195561720257	5794.70351719891	
143.0	59.0	10639.19571166214	5794.70351719891	
140.0	58.0	10518.305049216548	5696.488203348081	
135.0	55.0	10432.077990602873	5401.842261795594	
139.0	54.0	10838.165468272793	5303.626947944765	
141.0	53.0	11091.254948704518	5205.411634093935	
142.0	52.0	11266.471620182007	5107.196320243107	
141.0	50.0	11374.95649763097	4910.7656925414485	
140.0	48.0	11475.39304530918	4714.335064839791	
138.0	45.0	11568.817952086947	4419.689123287304	
134.0	43.0	11393.04496181853	4223.258495585646	
132.0	43.5	11184.2402337038	4272.36615251106	
130.0	42.0	11128.228547911202	4125.043181734817	
127.5	40.0	11057.603840034484	3928.612554033159	
129.0	37.0	11394.154047403876	3633.966612480672	
129.0	35.0	11524.123988708221	3437.5359847790137	
127.0	35.0	11345.455399736002	3437.5359847790137	
126.0	34.0	11317.288451707464	3339.320670928186	
127.0	37.0	11217.500496281336	3633.966612480672	
125.0	38.0	10975.62733338384	3732.181926331501	
126.0	40.0	10927.514383092901	3928.612554033159	
123.0	40.0	10667.335469209738	3928.612554033159	
122.0	38.0	10712.212277382625	3732.181926331501	
123.0	41.0	10598.87015652611	4026.827867883988	
120.0	40.0	10407.156555326572	3928.612554033159	
118.0	39.0	10298.033953430548	3830.39724018233	
117.0	38.0	10273.187184047272	3732.181926331501	
120.0	37.0	10599.213067352443	3633.966612480672	
120.3	38.0	10562.943745648607	3732.181926331501	
123.0	37.0	10864.193394036256	3633.966612480672	
120.0	36.0	10660.390311841125	3535.7512986298425	
119.0	35.0	10630.781043847119	3437.5359847790137	
121.0	34.0	10868.189703623833	3339.320670928186	
122.6	31.0	11181.259108822833	3044.674729375698	
121.0	27.5	11212.668353841056	2700.921130897797	
120.0	26.0	11189.439191721489	2553.5981601215535	
119.0	25.0	11140.102747204988	2455.3828462707243	
117.0	24.0	10994.458859876477	2357.1675324198955	
115.0	22.5	10864.879845564972	2209.844561643652	
113.0	22.0	10694.261642535796	2160.7369047182374	
111.0	21.0	10539.850068655453	2062.5215908674086	
111.0	20.0	10573.167333616686	1964.3062770165795	
109.5	20.1	10427.069092931164	1974.1278084016626	
110.0	22.0	10410.343191849004	2160.7369047182374	
107.0	21.0	10160.035651766968	2062.5215908674086	
106.0	20.0	10096.898534805125	1964.3062770165795	
105.6	10.0	10292.75366569046	982.1531385082898	
107.5	17.5	10313.814637771415	1718.7679923895068	
108.5	15.0	10474.808195476387	1473.2297077624346	
109.0	12.0	10588.499115988761	1178.5837662099477	
109.0	11.0	10607.124398791737	1080.3684523591187	
107.0	10.0	10429.210627167417	982.1531385082898	
105.0	8.5	10255.970406904333	834.8301677320464	
105.0	10.0	10234.272110771766	982.1531385082898	
103.0	11.0	10023.245991518797	1080.3684523591187	
101.0	13.0	9792.625466313453	1276.7990800607768	
101.0	14.0	9772.417263324773	1375.0143939116056	
100.0	14.0	9675.660656757202	1375.0143939116056	
99.0	10.0	9649.456561584806	982.1531385082898	
100.0	9.0	9761.071710459246	883.9378246574606	
102.5	6.0	10039.495439217193	589.2918831049739	
103.5	3.0	10158.319398670887	294.64594155248693	
104.0	1.0	10213.61478974938	98.21531385082898	
100.0	5.0	9802.84443902208	491.0765692541449	
99.0	7.0	9687.078009462839	687.5071969558028	
98.0	8.0	9578.265347918094	785.7225108066318	
98.0	12.0	9519.934985017417	1178.5837662099477	
97.5	15.0	9412.846074276016	1473.2297077624346	
97.0	17.0	9318.745651346777	1669.660335464093	
95.0	16.0	9149.731817984077	1571.4450216132636	
94.0	16.0	9053.418851478982	1571.4450216132636	
94.5	17.0	9078.571794353304	1669.660335464093	
93.0	20.0	8858.599657895062	1964.3062770165795	
91.5	23.0	8629.501652224631	2258.9522185690666	
91.0	22.0	8612.193004165994	2160.7369047182374	
88.0	23.0	8299.411425090357	2258.9522185690666	
87.0	21.0	8260.963567324543	2062.5215908674086	
86.0	20.0	8191.823339558875	1964.3062770165795	
85.0	19.0	8120.887993966948	1866.0909631657505	
83.0	18.0	7952.3805656782915	1767.8756493149212	
80.0	16.0	7705.037320407643	1571.4450216132636	
80.0	14.0	7740.52852540576	1375.0143939116056	
79.5	12.0	7722.804401111069	1178.5837662099477	
79.7	10.0	7768.299878366759	982.1531385082898	
77.0	8.0	7525.77991622136	785.7225108066318	
76.0	10.0	7407.663623034802	982.1531385082898	
75.0	12.0	7285.664529350065	1178.5837662099477	
74.0	15.0	7144.10881534795	1473.2297077624346	
73.0	20.0	6953.524462648811	1964.3062770165795	
73.0	23.5	6872.389975996939	2308.059875494481	
72.0	21.0	6836.659503992726	2062.5215908674086	
71.0	20.5	6752.485774708721	2013.413933941994	
70.0	21.0	6646.752295548484	2062.5215908674086	
69.0	22.0	6530.124365796193	2160.7369047182374	
68.0	23.5	6401.67833380537	2308.059875494481	
66.0	25.0	6178.544380802767	2455.3828462707243	
62.0	25.0	5804.087145602599	2455.3828462707243	
57.0	26.0	5314.983616067708	2553.5981601215535	
56.0	27.0	5200.322379479521	2651.8134739723823	
55.0	26.0	5128.49296287235	2553.5981601215535	
52.0	28.0	4808.291508729863	2750.028787823211	
50.0	30.0	4581.806767157713	2946.459415524869	
48.0	30.0	4398.534496471405	2946.459415524869	
50.0	26.0	4662.266329883954	2553.5981601215535	
52.0	24.0	4886.426159945102	2357.1675324198955	
55.0	25.0	5148.786984002305	2455.3828462707243	
56.0	26.0	5221.738289470029	2553.5981601215535	
56.0	25.0	5242.401292802348	2455.3828462707243	
60.0	22.5	5668.632962903464	2209.844561643652	
58.0	20.0	5524.7180662141245	1964.3062770165795	
55.0	17.0	5283.82485385642	1669.660335464093	
52.0	16.0	5008.274258264969	1571.4450216132636	
50.0	15.0	4827.100550910778	1473.2297077624346	
45.0	13.0	4363.050950337677	1276.7990800607768	
44.0	13.0	4266.094262552395	1276.7990800607768	
43.0	15.0	4151.306473783269	1473.2297077624346	
40.0	20.0	3810.1503904924994	1964.3062770165795	
39.0	24.0	3664.819619958825	2357.1675324198955	
37.0	25.0	3463.7294256015507	2455.3828462707243	
35.0	28.5	3229.2507167970557	2799.136444748626	
32.0	30.0	2932.356330980936	2946.459415524869	
35.0	25.0	3276.500808001467	2455.3828462707243	
37.0	20.0	3524.389111205562	1964.3062770165795	
39.0	17.5	3741.756008121722	1718.7679923895068	
40.0	15.0	3861.680440728622	1473.2297077624346	
43.0	12.5	4173.204450930624	1227.6914231353621	
45.0	10.0	4386.116618902185	982.1531385082898	
51.5	12.0	5002.822976820378	1178.5837662099477	
51.0	10.0	4970.932168089143	982.1531385082898	
50.0	9.0	4880.535855229623	883.9378246574606	
47.0	4.0	4610.497433134941	392.8612554033159	
44.0	2.0	4320.157546895278	196.43062770165795	
42.0	0.1	4125.040040335588	9.821531385082897	
40.0	-4.0	3923.8276026680346	-392.8612554033159	
38.0	-6.0	3721.9592847829595	-589.2918831049739	
40.0	-10.0	3898.7703279130533	-982.1531385082898	
41.0	-14.0	3967.0208692704523	-1375.0143939116056	
40.0	-16.0	3852.5186602038216	-1571.4450216132636	
34.0	-20.0	3238.627831918625	-1964.3062770165795	
35.0	-22.0	3312.381924679228	-2160.7369047182374	
35.5	-23.5	3342.052659560156	-2308.059875494481	
32.0	-26.0	2983.8504511257306	-2553.5981601215535	
31.0	-30.0	2840.7201956377817	-2946.459415524869	
30.0	-31.0	2736.034039679322	-3044.674729375698	
26.0	-34.0	2335.313490034873	-3339.320670928186	
20.0	-35.0	1786.6858897222046	-3437.5359847790137	
18.0	-34.0	1616.7554931010661	-3339.320670928186	
17.0	-30.0	1557.8143008336224	-2946.459415524869	
14.0	-25.0	1310.600323200587	-2455.3828462707243	
12.0	-20.0	1143.04511714775	-1964.3062770165795	
11.0	-17.0	1056.764970771284	-1669.660335464093	
14.0	-10.0	1364.5696147695687	-982.1531385082898	
12.0	-4.0	1177.1482808004105	-392.8612554033159	
11.0	-3.0	1079.628148651012	-294.64594155248693	
9.0	2.0	883.6685891376704	196.43062770165795	
10.0	4.0	980.9569006670087	392.8612554033159	
6.0	4.0	588.5741404002052	392.8612554033159	
2.0	5.0	196.0568887804416	491.0765692541449	
-3.0	4.0	-294.2870702001026	392.8612554033159	
-7.0	3.8	-686.7514437698272	373.21819263315007	
-10.0	5.0	-980.2844439022078	491.0765692541449	
-14.0	10.0	-1364.5696147695687	982.1531385082898	
-16.0	12.0	-1554.2750995946803	1178.5837662099477	
-18.0	14.0	-1741.618918216296	1375.0143939116056	
-16.0	20.0	-1524.0601561969997	1964.3062770165795	
-15.1	23.5	-1421.549159418545	2308.059875494481	
-14.0	28.0	-1294.5400215811171	2750.028787823211	
-10.0	30.0	-916.3613534315425	2946.459415524869	
-9.0	32.0	-816.7798069894365	3142.8900432265273	
-5.5	35.8	-489.15405381127346	3516.1082358596773	
-4.0	35.0	-357.33717794444095	3437.5359847790137	
-5.0	34.8	-447.16185286063927	3417.8929220088485	
0.0	36.0	0.0	3535.7512986298425	
2.0	37.0	176.65355112254073	3633.966612480672	
4.0	37.2	352.89349948230097	3653.609675250838	
8.0	37.3	705.3719657320158	3663.4312066359207	
11.0	37.6	968.166594085462	3692.8958007911697	
10.0	34.0	898.1974961672589	3339.320670928186	
14.9	32.0	1352.224347126956	3142.8900432265273	
19.0	30.0	1741.0865715199309	2946.459415524869	
20.0	32.0	1815.0662377543033	3142.8900432265273	
22.0	33.0	1986.4416758894597	3241.105357077356	
25.0	32.0	2268.8327971928793	3142.8900432265273	
30.0	31.0	2736.034039679322	3044.674729375698	
32.0	32.0	2904.1059804068855	3142.8900432265273	
34.0	31.0	3100.838578303232	3044.674729375698	
36.0	35.0	3216.034601499968	3437.5359847790137	
36.0	37.0	3179.763920205733	3633.966612480672	
33.0	36.0	2931.6073357563096	3535.7512986298425	
30.0	36.5	2657.495515612365	3584.858955555258	
27.0	37.5	2377.819275688838	3683.074269406087	
26.0	40.0	2254.8839203207576	3928.612554033159	
27.5	41.0	2369.666091906244	4026.827867883988	
31.0	41.3	2666.0148258700847	4056.292462039237	
34.0	42.0	2910.4597740690833	4125.043181734817	
38.0	41.0	3274.447690634083	4026.827867883988	
40.0	41.0	3446.787042772719	4026.827867883988	
41.0	42.0	3509.672080495071	4125.043181734817	
40.0	43.5	3389.163707182969	4272.36615251106	
37.5	45.0	3143.70053045841	4419.689123287304	
34.0	44.5	2860.546319668779	4370.5814663618885	
32.5	45.5	2714.649229906128	4468.796780212719	
31.0	46.5	2570.245255420301	4567.012094063547	
30.0	45.0	2514.9604243667277	4419.689123287304	
27.5	43.0	2338.1248988806683	4223.258495585646	
28.0	42.5	2388.781344330341	4174.150838660232	
25.0	41.0	2154.2419017329494	4026.827867883988	
24.0	40.0	2081.4313110653147	3928.612554033159	
23.0	41.0	1981.9025495943133	4026.827867883988	
23.0	40.0	1994.705006437593	3928.612554033159	
23.5	39.0	2050.879643267948	3830.39724018233	
24.0	38.0	2107.320448009697	3732.181926331501	
23.5	37.0	2075.679225689854	3633.966612480672	
23.0	36.0	2043.241476436216	3535.7512986298425	
22.0	37.0	1943.189062347948	3633.966612480672	
20.0	40.0	1734.526092554429	3928.612554033159	
19.0	42.0	1626.4334031562526	4125.043181734817	
16.0	44.0	1350.923984851858	4321.473809436475	
13.0	45.0	1089.8161838922488	4419.689123287304	
12.5	44.5	1051.6714410546979	4370.5814663618885	
12.8	44.0	1080.7391878814865	4321.473809436475	
15.2	42.5	1296.7670154936134	4174.150838660232	
19.0	40.0	1647.7997879267075	3928.612554033159	
16.0	38.0	1404.8802986731314	3732.181926331501	
15.7	40.0	1361.6029826552267	3928.612554033159	
12.0	41.5	1030.6454101709678	4075.935524809402	
10.5	44.0	886.5438650590318	4321.473809436475	
8.5	45.0	712.5721202372397	4419.689123287304	
8.0	44.0	675.461992425929	4321.473809436475	
6.0	43.0	510.136341573964	4223.258495585646	
4.0	43.8	338.20644235711103	4301.830746666309	
3.0	43.0	255.068170786982	4223.258495585646	
3.2	42.0	273.92562579473724	4125.043181734817	
1.0	41.0	86.16967606931797	4026.827867883988	
0.0	40.0	0.0	3928.612554033159	
0.0	39.0	0.0	3830.39724018233	
-1.0	37.5	-88.06738058106808	3683.074269406087	
-2.0	37.0	-176.65355112254073	3633.966612480672	
-4.0	36.0	-355.34634372803754	3535.7512986298425	
-6.0	36.0	-533.0195155920563	3535.7512986298425	
-7.0	37.0	-618.2874289288925	3633.966612480672	
-9.0	37.0	-794.9409800514333	3633.966612480672	
