2.79779 0.35742
2.75781 0.36261
2.70489 0.36970
2.64013 0.37877
2.56469 0.38991
2.47982 0.40326
2.38681 0.41897
2.28703 0.43725
2.18191 0.45831
2.07297 0.48240
1.96183 0.50973
1.85026 0.54046
1.74026 0.57463
1.63414 0.61194
1.53474 0.65158
1.44587 0.69163
1.37288 0.72840
1.32329 0.75569
1.30541 0.76604
1.32329 0.75569
1.37288 0.72840
1.44587 0.69163
1.53474 0.65158
1.63414 0.61194
1.74026 0.57463
1.85026 0.54046
1.96183 0.50973
2.07297 0.48240
2.18191 0.45831
2.28703 0.43725
2.38681 0.41897
2.47982 0.40326
2.56469 0.38991
2.64013 0.37877
2.70489 0.36970
2.75781 0.36261
2.79779 0.35742
2.70751 0.36934
2.64039 0.37873
2.56469 0.38991
2.48176 0.40294
2.39287 0.41791
2.29921 0.43493
2.20190 0.45415
2.10204 0.47573
2.00067 0.49983
1.89884 0.52664
1.79762 0.55629
1.69810 0.58889
1.60152 0.62441
1.50930 0.66256
1.42327 0.70261
1.34604 0.74292
1.28177 0.78017
1.23717 0.80830
1.22077 0.81915
1.23717 0.80830
1.28177 0.78017
1.34604 0.74292
1.42327 0.70261
1.50930 0.66256
1.60152 0.62441
1.69810 0.58889
1.79762 0.55629
1.89884 0.52664
2.00067 0.49983
2.10204 0.47573
2.20190 0.45415
2.29921 0.43493
2.39287 0.41791
2.48176 0.40294
2.56469 0.38991
2.64039 0.37873
2.70751 0.36934
2.56251 0.39024
2.47631 0.40383
2.38681 0.41897
2.29505 0.43572
2.20190 0.45415
2.10811 0.47436
2.01434 0.49644
1.92116 0.52052
1.82914 0.54671
1.73878 0.57512
1.65060 0.60584
1.56514 0.63892
1.48302 0.67430
1.40499 0.71175
1.33211 0.75069
1.26609 0.78983
1.21004 0.82642
1.16990 0.85478
1.15470 0.86603
1.16990 0.85478
1.21004 0.82642
1.26609 0.78983
1.33211 0.75069
1.40499 0.71175
1.48302 0.67430
1.56514 0.63892
1.65060 0.60584
1.73878 0.57512
1.82914 0.54671
1.92116 0.52052
2.01434 0.49644
2.10811 0.47436
2.20190 0.45415
2.29505 0.43572
2.38681 0.41897
2.47631 0.40383
2.56251 0.39024
2.37130 0.42171
2.27574 0.43942
2.18191 0.45831
2.09015 0.47844
2.00067 0.49983
1.91363 0.52257
1.82914 0.54671
1.74727 0.57232
1.66810 0.59949
1.59169 0.62826
1.51815 0.65870
1.44759 0.69080
1.38019 0.72454
1.31624 0.75974
1.25626 0.79601
1.20124 0.83247
1.15334 0.86705
1.11755 0.89481
1.10338 0.90631
1.11755 0.89481
1.15334 0.86705
1.20124 0.83247
1.25626 0.79601
1.31624 0.75974
1.38019 0.72454
1.44759 0.69080
1.51815 0.65870
1.59169 0.62826
1.66810 0.59949
1.74727 0.57232
1.82914 0.54671
1.91363 0.52257
2.00067 0.49983
2.09015 0.47844
2.18191 0.45831
2.27574 0.43942
2.37130 0.42171
2.14641 0.46590
2.05136 0.48748
1.96183 0.50973
1.87738 0.53266
1.79762 0.55629
1.72214 0.58067
1.65060 0.60584
1.58269 0.63183
1.51815 0.65870
1.45674 0.68647
1.39827 0.71517
1.34260 0.74482
1.28965 0.77541
1.23940 0.80684
1.19202 0.83891
1.14795 0.87112
1.10848 0.90213
1.07737 0.92819
1.06418 0.93969
1.07737 0.92819
1.10848 0.90213
1.14795 0.87112
1.19202 0.83891
1.23940 0.80684
1.28965 0.77541
1.34260 0.74482
1.39827 0.71517
1.45674 0.68647
1.51815 0.65870
1.58269 0.63183
1.65060 0.60584
1.72214 0.58067
1.79762 0.55629
1.87738 0.53266
1.96183 0.50973
2.05136 0.48748
2.14641 0.46590
1.90547 0.52480
1.81909 0.54973
1.74026 0.57463
1.66802 0.59951
1.60152 0.62441
1.54006 0.64933
1.48302 0.67430
1.42988 0.69936
1.38019 0.72454
1.33355 0.74988
1.28965 0.77541
1.24819 0.80116
1.20896 0.82716
1.17178 0.85340
1.13659 0.87983
1.10346 0.90624
1.07295 0.93201
1.04733 0.95481
1.03528 0.96593
1.04733 0.95481
1.07295 0.93201
1.10346 0.90624
1.13659 0.87983
1.17178 0.85340
1.20896 0.82716
1.24819 0.80116
1.28965 0.77541
1.33355 0.74988
1.38019 0.72454
1.42988 0.69936
1.48302 0.67430
1.54006 0.64933
1.60152 0.62441
1.66802 0.59951
1.74026 0.57463
1.81909 0.54973
1.90547 0.52480
1.67361 0.59751
1.60020 0.62492
1.53474 0.65158
1.47608 0.67747
1.42327 0.70261
1.37550 0.72701
1.33211 0.75069
1.29253 0.77368
1.25626 0.79601
1.22288 0.81774
1.19202 0.83891
1.16335 0.85959
1.13659 0.87983
1.11148 0.89970
1.08783 0.91926
1.06551 0.93852
1.04455 0.95735
1.02578 0.97487
1.01543 0.98481
1.02578 0.97487
1.04455 0.95735
1.06551 0.93852
1.08783 0.91926
1.11148 0.89970
1.13659 0.87983
1.16335 0.85959
1.19202 0.83891
1.22288 0.81774
1.25626 0.79601
1.29253 0.77368
1.33211 0.75069
1.37550 0.72701
1.42327 0.70261
1.47608 0.67747
1.53474 0.65158
1.60020 0.62492
1.67361 0.59751
1.48961 0.67131
1.42755 0.70050
1.37288 0.72840
1.32457 0.75496
1.28177 0.78017
1.24379 0.80399
1.21004 0.82642
1.18003 0.84743
1.15334 0.86705
1.12960 0.88527
1.10848 0.90213
1.08969 0.91769
1.07295 0.93201
1.05799 0.94519
1.04455 0.95735
1.03236 0.96865
1.02120 0.97924
1.01092 0.98919
1.00382 0.99619
1.01092 0.98919
1.02120 0.97924
1.03236 0.96865
1.04455 0.95735
1.05799 0.94519
1.07295 0.93201
1.08969 0.91769
1.10848 0.90213
1.12960 0.88527
1.15334 0.86705
1.18003 0.84743
1.21004 0.82642
1.24379 0.80399
1.28177 0.78017
1.32457 0.75496
1.37288 0.72840
1.42755 0.70050
1.48961 0.67131
1.41421 0.70711
1.35634 0.73728
1.30541 0.76604
1.26047 0.79335
1.22077 0.81915
1.18569 0.84339
1.15470 0.86603
1.12738 0.88701
1.10338 0.90631
1.08239 0.92388
1.06418 0.93969
1.04853 0.95372
1.03528 0.96593
1.02428 0.97630
1.01543 0.98481
1.00863 0.99144
1.00382 0.99619
1.00095 0.99905
1.00000 1.00000
1.00095 0.99905
1.00382 0.99619
1.00863 0.99144
1.01543 0.98481
1.02428 0.97630
1.03528 0.96593
1.04853 0.95372
1.06418 0.93969
1.08239 0.92388
1.10338 0.90631
1.12738 0.88701
1.15470 0.86603
1.18569 0.84339
1.22077 0.81915
1.26047 0.79335
1.30541 0.76604
1.35634 0.73728
1.41421 0.70711
1.48961 0.67131
1.42755 0.70050
1.37288 0.72840
1.32457 0.75496
1.28177 0.78017
1.24379 0.80399
1.21004 0.82642
1.18003 0.84743
1.15334 0.86705
1.12960 0.88527
1.10848 0.90213
1.08969 0.91769
1.07295 0.93201
1.05799 0.94519
1.04455 0.95735
1.03236 0.96865
1.02120 0.97924
1.01092 0.98919
1.00382 0.99619
1.01092 0.98919
1.02120 0.97924
1.03236 0.96865
1.04455 0.95735
1.05799 0.94519
1.07295 0.93201
1.08969 0.91769
1.10848 0.90213
1.12960 0.88527
1.15334 0.86705
1.18003 0.84743
1.21004 0.82642
1.24379 0.80399
1.28177 0.78017
1.32457 0.75496
1.37288 0.72840
1.42755 0.70050
1.48961 0.67131
1.67361 0.59751
1.60020 0.62492
1.53474 0.65158
1.47608 0.67747
1.42327 0.70261
1.37550 0.72701
1.33211 0.75069
1.29253 0.77368
1.25626 0.79601
1.22288 0.81774
1.19202 0.83891
1.16335 0.85959
1.13659 0.87983
1.11148 0.89970
1.08783 0.91926
1.06551 0.93852
1.04455 0.95735
1.02578 0.97487
1.01543 0.98481
1.02578 0.97487
1.04455 0.95735
1.06551 0.93852
1.08783 0.91926
1.11148 0.89970
1.13659 0.87983
1.16335 0.85959
1.19202 0.83891
1.22288 0.81774
1.25626 0.79601
1.29253 0.77368
1.33211 0.75069
1.37550 0.72701
1.42327 0.70261
1.47608 0.67747
1.53474 0.65158
1.60020 0.62492
1.67361 0.59751
1.90547 0.52480
1.81909 0.54973
1.74026 0.57463
1.66802 0.59951
1.60152 0.62441
1.54006 0.64933
1.48302 0.67430
1.42988 0.69936
1.38019 0.72454
1.33355 0.74988
1.28965 0.77541
1.24819 0.80116
1.20896 0.82716
1.17178 0.85340
1.13659 0.87983
1.10346 0.90624
1.07295 0.93201
1.04733 0.95481
1.03528 0.96593
1.04733 0.95481
1.07295 0.93201
1.10346 0.90624
1.13659 0.87983
1.17178 0.85340
1.20896 0.82716
1.24819 0.80116
1.28965 0.77541
1.33355 0.74988
1.38019 0.72454
1.42988 0.69936
1.48302 0.67430
1.54006 0.64933
1.60152 0.62441
1.66802 0.59951
1.74026 0.57463
1.81909 0.54973
1.90547 0.52480
2.14641 0.46590
2.05136 0.48748
1.96183 0.50973
1.87738 0.53266
1.79762 0.55629
1.72214 0.58067
1.65060 0.60584
1.58269 0.63183
1.51815 0.65870
1.45674 0.68647
1.39827 0.71517
1.34260 0.74482
1.28965 0.77541
1.23940 0.80684
1.19202 0.83891
1.14795 0.87112
1.10848 0.90213
1.07737 0.92819
1.06418 0.93969
1.07737 0.92819
1.10848 0.90213
1.14795 0.87112
1.19202 0.83891
1.23940 0.80684
1.28965 0.77541
1.34260 0.74482
1.39827 0.71517
1.45674 0.68647
1.51815 0.65870
1.58269 0.63183
1.65060 0.60584
1.72214 0.58067
1.79762 0.55629
1.87738 0.53266
1.96183 0.50973
2.05136 0.48748
2.14641 0.46590
2.37130 0.42171
2.27574 0.43942
2.18191 0.45831
2.09015 0.47844
2.00067 0.49983
1.91363 0.52257
1.82914 0.54671
1.74727 0.57232
1.66810 0.59949
1.59169 0.62826
1.51815 0.65870
1.44759 0.69080
1.38019 0.72454
1.31624 0.75974
1.25626 0.79601
1.20124 0.83247
1.15334 0.86705
1.11755 0.89481
1.10338 0.90631
1.11755 0.89481
1.15334 0.86705
1.20124 0.83247
1.25626 0.79601
1.31624 0.75974
1.38019 0.72454
1.44759 0.69080
1.51815 0.65870
1.59169 0.62826
1.66810 0.59949
1.74727 0.57232
1.82914 0.54671
1.91363 0.52257
2.00067 0.49983
2.09015 0.47844
2.18191 0.45831
2.27574 0.43942
2.37130 0.42171
2.56251 0.39024
2.47631 0.40383
2.38681 0.41897
2.29505 0.43572
2.20190 0.45415
2.10811 0.47436
2.01434 0.49644
1.92116 0.52052
1.82914 0.54671
1.73878 0.57512
1.65060 0.60584
1.56514 0.63892
1.48302 0.67430
1.40499 0.71175
1.33211 0.75069
1.26609 0.78983
1.21004 0.82642
1.16990 0.85478
1.15470 0.86603
1.16990 0.85478
1.21004 0.82642
1.26609 0.78983
1.33211 0.75069
1.40499 0.71175
1.48302 0.67430
1.56514 0.63892
1.65060 0.60584
1.73878 0.57512
1.82914 0.54671
1.92116 0.52052
2.01434 0.49644
2.10811 0.47436
2.20190 0.45415
2.29505 0.43572
2.38681 0.41897
2.47631 0.40383
2.56251 0.39024
2.70751 0.36934
2.64039 0.37873
2.56469 0.38991
2.48176 0.40294
2.39287 0.41791
2.29921 0.43493
2.20190 0.45415
2.10204 0.47573
2.00067 0.49983
1.89884 0.52664
1.79762 0.55629
1.69810 0.58889
1.60152 0.62441
1.50930 0.66256
1.42327 0.70261
1.34604 0.74292
1.28177 0.78017
1.23717 0.80830
1.22077 0.81915
1.23717 0.80830
1.28177 0.78017
1.34604 0.74292
1.42327 0.70261
1.50930 0.66256
1.60152 0.62441
1.69810 0.58889
1.79762 0.55629
1.89884 0.52664
2.00067 0.49983
2.10204 0.47573
2.20190 0.45415
2.29921 0.43493
2.39287 0.41791
2.48176 0.40294
2.56469 0.38991
2.64039 0.37873
2.70751 0.36934
2.79779 0.35742
2.75781 0.36261
2.70489 0.36970
2.64013 0.37877
2.56469 0.38991
2.47982 0.40326
2.38681 0.41897
2.28703 0.43725
2.18191 0.45831
2.07297 0.48240
1.96183 0.50973
1.85026 0.54046
1.74026 0.57463
1.63414 0.61194
1.53474 0.65158
1.44587 0.69163
1.37288 0.72840
1.32329 0.75569
1.30541 0.76604
1.32329 0.75569
1.37288 0.72840
1.44587 0.69163
1.53474 0.65158
1.63414 0.61194
1.74026 0.57463
1.85026 0.54046
1.96183 0.50973
2.07297 0.48240
2.18191 0.45831
2.28703 0.43725
2.38681 0.41897
2.47982 0.40326
2.56469 0.38991
2.64013 0.37877
2.70489 0.36970
2.75781 0.36261
2.79779 0.35742
