3.29993 0.79670
3.26737 0.80464
3.23629 0.81237
3.20675 0.81985
3.17879 0.82706
3.15248 0.83396
3.12786 0.84053
3.10498 0.84672
3.08389 0.85251
3.06465 0.85787
3.04729 0.86275
3.03186 0.86714
3.01840 0.87101
3.00695 0.87433
2.99754 0.87707
2.99019 0.87923
2.98493 0.88078
2.98176 0.88171
2.98070 0.88203
2.98176 0.88171
2.98493 0.88078
2.99019 0.87923
2.99754 0.87707
3.00695 0.87433
3.01840 0.87101
3.03186 0.86714
3.04729 0.86275
3.06465 0.85787
3.08389 0.85251
3.10498 0.84672
3.12786 0.84053
3.15248 0.83396
3.17879 0.82706
3.20675 0.81985
3.23629 0.81237
3.26737 0.80464
3.29993 0.79670
2.23644 0.68247
2.19064 0.69674
2.14614 0.71118
2.10304 0.72576
2.06146 0.74040
2.02150 0.75503
1.98331 0.76957
1.94703 0.78391
1.91282 0.79793
1.88087 0.81149
1.85137 0.82442
1.82455 0.83654
1.80062 0.84765
1.77984 0.85755
1.76242 0.86602
1.74860 0.87287
1.73857 0.87790
1.73249 0.88099
1.73045 0.88203
1.73249 0.88099
1.73857 0.87790
1.74860 0.87287
1.76242 0.86602
1.77984 0.85755
1.80062 0.84765
1.82455 0.83654
1.85137 0.82442
1.88087 0.81149
1.91282 0.79793
1.94703 0.78391
1.98331 0.76957
2.02150 0.75503
2.06146 0.74040
2.10304 0.72576
2.14614 0.71118
2.19064 0.69674
2.23644 0.68247
1.89436 0.61601
1.84760 0.63161
1.80179 0.64766
1.75700 0.66417
1.71330 0.68111
1.67078 0.69845
1.62955 0.71612
1.58972 0.73406
1.55144 0.75217
1.51490 0.77032
1.48032 0.78831
1.44797 0.80592
1.41820 0.82284
1.39145 0.83866
1.36824 0.85289
1.34917 0.86494
1.33491 0.87418
1.32605 0.88002
1.32304 0.88203
1.32605 0.88002
1.33491 0.87418
1.34917 0.86494
1.36824 0.85289
1.39145 0.83866
1.41820 0.82284
1.44797 0.80592
1.48032 0.78831
1.51490 0.77032
1.55144 0.75217
1.58972 0.73406
1.62955 0.71612
1.67078 0.69845
1.71330 0.68111
1.75700 0.66417
1.80179 0.64766
1.84760 0.63161
1.89436 0.61601
1.68075 0.59148
1.63860 0.60670
1.59717 0.62244
1.55649 0.63871
1.51660 0.65550
1.47757 0.67282
1.43944 0.69064
1.40229 0.70894
1.36620 0.72766
1.33128 0.74675
1.29767 0.76609
1.26556 0.78553
1.23521 0.80483
1.20701 0.82363
1.18153 0.84140
1.15958 0.85733
1.14228 0.87031
1.13104 0.87896
1.12711 0.88203
1.13104 0.87896
1.14228 0.87031
1.15958 0.85733
1.18153 0.84140
1.20701 0.82363
1.23521 0.80483
1.26556 0.78553
1.29767 0.76609
1.33128 0.74675
1.36620 0.72766
1.40229 0.70894
1.43944 0.69064
1.47757 0.67282
1.51660 0.65550
1.55649 0.63871
1.59717 0.62244
1.63860 0.60670
1.68075 0.59148
1.49896 0.59826
1.46425 0.61244
1.43007 0.62708
1.39644 0.64218
1.36339 0.65775
1.33093 0.67379
1.29910 0.69030
1.26793 0.70727
1.23745 0.72469
1.20773 0.74252
1.17883 0.76073
1.15083 0.77923
1.12389 0.79791
1.09823 0.81656
1.07421 0.83482
1.05248 0.85205
1.03422 0.86709
1.02144 0.87795
1.01671 0.88203
1.02144 0.87795
1.03422 0.86709
1.05248 0.85205
1.07421 0.83482
1.09823 0.81656
1.12389 0.79791
1.15083 0.77923
1.17883 0.76073
1.20773 0.74252
1.23745 0.72469
1.26793 0.70727
1.29910 0.69030
1.33093 0.67379
1.36339 0.65775
1.39644 0.64218
1.43007 0.62708
1.46425 0.61244
1.49896 0.59826
1.32748 0.63138
1.30169 0.64389
1.27626 0.65672
1.25118 0.66988
1.22648 0.68338
1.20215 0.69721
1.17821 0.71137
1.15468 0.72587
1.13156 0.74070
1.10888 0.75585
1.08666 0.77131
1.06494 0.78704
1.04378 0.80299
1.02326 0.81909
1.00356 0.83517
0.98501 0.85090
0.96837 0.86552
0.95551 0.87717
0.95025 0.88203
0.95551 0.87717
0.96837 0.86552
0.98501 0.85090
1.00356 0.83517
1.02326 0.81909
1.04378 0.80299
1.06494 0.78704
1.08666 0.77131
1.10888 0.75585
1.13156 0.74070
1.15468 0.72587
1.17821 0.71137
1.20215 0.69721
1.22648 0.68338
1.25118 0.66988
1.27626 0.65672
1.30169 0.64389
1.32748 0.63138
1.16432 0.68961
1.14791 0.69948
1.13167 0.70951
1.11562 0.71972
1.09975 0.73011
1.08407 0.74067
1.06858 0.75140
1.05328 0.76232
1.03818 0.77341
1.02328 0.78467
1.00859 0.79609
0.99412 0.80768
0.97989 0.81942
0.96591 0.83127
0.95224 0.84320
0.93899 0.85510
0.92645 0.86668
0.91560 0.87695
0.91033 0.88203
0.91560 0.87695
0.92645 0.86668
0.93899 0.85510
0.95224 0.84320
0.96591 0.83127
0.97989 0.81942
0.99412 0.80768
1.00859 0.79609
1.02328 0.78467
1.03818 0.77341
1.05328 0.76232
1.06858 0.75140
1.08407 0.74067
1.09975 0.73011
1.11562 0.71972
1.13167 0.70951
1.14791 0.69948
1.16432 0.68961
1.01390 0.77322
1.00635 0.77902
0.99884 0.78488
0.99139 0.79078
0.98398 0.79673
0.97662 0.80273
0.96932 0.80878
0.96206 0.81488
0.95486 0.82103
0.94771 0.82722
0.94061 0.83347
0.93357 0.83976
0.92658 0.84609
0.91964 0.85247
0.91278 0.85888
0.90599 0.86532
0.89932 0.87174
0.89295 0.87795
0.88883 0.88203
0.89295 0.87795
0.89932 0.87174
0.90599 0.86532
0.91278 0.85888
0.91964 0.85247
0.92658 0.84609
0.93357 0.83976
0.94061 0.83347
0.94771 0.82722
0.95486 0.82103
0.96206 0.81488
0.96932 0.80878
0.97662 0.80273
0.98398 0.79673
0.99139 0.79078
0.99884 0.78488
1.00635 0.77902
1.01390 0.77322
0.88203 0.88203
0.88203 0.88203
0.88203 0.88203
0.88203 0.88203
0.88203 0.88203
0.88203 0.88203
0.88203 0.88203
0.88203 0.88203
0.88203 0.88203
0.88203 0.88203
0.88203 0.88203
0.88203 0.88203
0.88203 0.88203
0.88203 0.88203
0.88203 0.88203
0.88203 0.88203
0.88203 0.88203
0.88203 0.88203
0.88203 0.88203
0.88203 0.88203
0.88203 0.88203
0.88203 0.88203
0.88203 0.88203
0.88203 0.88203
0.88203 0.88203
0.88203 0.88203
0.88203 0.88203
0.88203 0.88203
0.88203 0.88203
0.88203 0.88203
0.88203 0.88203
0.88203 0.88203
0.88203 0.88203
0.88203 0.88203
0.88203 0.88203
0.88203 0.88203
0.88203 0.88203
1.01390 0.77322
1.00635 0.77902
0.99884 0.78488
0.99139 0.79078
0.98398 0.79673
0.97662 0.80273
0.96932 0.80878
0.96206 0.81488
0.95486 0.82103
0.94771 0.82722
0.94061 0.83347
0.93357 0.83976
0.92658 0.84609
0.91964 0.85247
0.91278 0.85888
0.90599 0.86532
0.89932 0.87174
0.89295 0.87795
0.88883 0.88203
0.89295 0.87795
0.89932 0.87174
0.90599 0.86532
0.91278 0.85888
0.91964 0.85247
0.92658 0.84609
0.93357 0.83976
0.94061 0.83347
0.94771 0.82722
0.95486 0.82103
0.96206 0.81488
0.96932 0.80878
0.97662 0.80273
0.98398 0.79673
0.99139 0.79078
0.99884 0.78488
1.00635 0.77902
1.01390 0.77322
1.16432 0.68961
1.14791 0.69948
1.13167 0.70951
1.11562 0.71972
1.09975 0.73011
1.08407 0.74067
1.06858 0.75140
1.05328 0.76232
1.03818 0.77341
1.02328 0.78467
1.00859 0.79609
0.99412 0.80768
0.97989 0.81942
0.96591 0.83127
0.95224 0.84320
0.93899 0.85510
0.92645 0.86668
0.91560 0.87695
0.91033 0.88203
0.91560 0.87695
0.92645 0.86668
0.93899 0.85510
0.95224 0.84320
0.96591 0.83127
0.97989 0.81942
0.99412 0.80768
1.00859 0.79609
1.02328 0.78467
1.03818 0.77341
1.05328 0.76232
1.06858 0.75140
1.08407 0.74067
1.09975 0.73011
1.11562 0.71972
1.13167 0.70951
1.14791 0.69948
1.16432 0.68961
1.32748 0.63138
1.30169 0.64389
1.27626 0.65672
1.25118 0.66988
1.22648 0.68338
1.20215 0.69721
1.17821 0.71137
1.15468 0.72587
1.13156 0.74070
1.10888 0.75585
1.08666 0.77131
1.06494 0.78704
1.04378 0.80299
1.02326 0.81909
1.00356 0.83517
0.98501 0.85090
0.96837 0.86552
0.95551 0.87717
0.95025 0.88203
0.95551 0.87717
0.96837 0.86552
0.98501 0.85090
1.00356 0.83517
1.02326 0.81909
1.04378 0.80299
1.06494 0.78704
1.08666 0.77131
1.10888 0.75585
1.13156 0.74070
1.15468 0.72587
1.17821 0.71137
1.20215 0.69721
1.22648 0.68338
1.25118 0.66988
1.27626 0.65672
1.30169 0.64389
1.32748 0.63138
1.49896 0.59826
1.46425 0.61244
1.43007 0.62708
1.39644 0.64218
1.36339 0.65775
1.33093 0.67379
1.29910 0.69030
1.26793 0.70727
1.23745 0.72469
1.20773 0.74252
1.17883 0.76073
1.15083 0.77923
1.12389 0.79791
1.09823 0.81656
1.07421 0.83482
1.05248 0.85205
1.03422 0.86709
1.02144 0.87795
1.01671 0.88203
1.02144 0.87795
1.03422 0.86709
1.05248 0.85205
1.07421 0.83482
1.09823 0.81656
1.12389 0.79791
1.15083 0.77923
1.17883 0.76073
1.20773 0.74252
1.23745 0.72469
1.26793 0.70727
1.29910 0.69030
1.33093 0.67379
1.36339 0.65775
1.39644 0.64218
1.43007 0.62708
1.46425 0.61244
1.49896 0.59826
1.68075 0.59148
1.63860 0.60670
1.59717 0.62244
1.55649 0.63871
1.51660 0.65550
1.47757 0.67282
1.43944 0.69064
1.40229 0.70894
1.36620 0.72766
1.33128 0.74675
1.29767 0.76609
1.26556 0.78553
1.23521 0.80483
1.20701 0.82363
1.18153 0.84140
1.15958 0.85733
1.14228 0.87031
1.13104 0.87896
1.12711 0.88203
1.13104 0.87896
1.14228 0.87031
1.15958 0.85733
1.18153 0.84140
1.20701 0.82363
1.23521 0.80483
1.26556 0.78553
1.29767 0.76609
1.33128 0.74675
1.36620 0.72766
1.40229 0.70894
1.43944 0.69064
1.47757 0.67282
1.51660 0.65550
1.55649 0.63871
1.59717 0.62244
1.63860 0.60670
1.68075 0.59148
1.89436 0.61601
1.84760 0.63161
1.80179 0.64766
1.75700 0.66417
1.71330 0.68111
1.67078 0.69845
1.62955 0.71612
1.58972 0.73406
1.55144 0.75217
1.51490 0.77032
1.48032 0.78831
1.44797 0.80592
1.41820 0.82284
1.39145 0.83866
1.36824 0.85289
1.34917 0.86494
1.33491 0.87418
1.32605 0.88002
1.32304 0.88203
1.32605 0.88002
1.33491 0.87418
1.34917 0.86494
1.36824 0.85289
1.39145 0.83866
1.41820 0.82284
1.44797 0.80592
1.48032 0.78831
1.51490 0.77032
1.55144 0.75217
1.58972 0.73406
1.62955 0.71612
1.67078 0.69845
1.71330 0.68111
1.75700 0.66417
1.80179 0.64766
1.84760 0.63161
1.89436 0.61601
2.23644 0.68247
2.19064 0.69674
2.14614 0.71118
2.10304 0.72576
2.06146 0.74040
2.02150 0.75503
1.98331 0.76957
1.94703 0.78391
1.91282 0.79793
1.88087 0.81149
1.85137 0.82442
1.82455 0.83654
1.80062 0.84765
1.77984 0.85755
1.76242 0.86602
1.74860 0.87287
1.73857 0.87790
1.73249 0.88099
1.73045 0.88203
1.73249 0.88099
1.73857 0.87790
1.74860 0.87287
1.76242 0.86602
1.77984 0.85755
1.80062 0.84765
1.82455 0.83654
1.85137 0.82442
1.88087 0.81149
1.91282 0.79793
1.94703 0.78391
1.98331 0.76957
2.02150 0.75503
2.06146 0.74040
2.10304 0.72576
2.14614 0.71118
2.19064 0.69674
2.23644 0.68247
3.29993 0.79670
3.26737 0.80464
3.23629 0.81237
3.20675 0.81985
3.17879 0.82706
3.15248 0.83396
3.12786 0.84053
3.10498 0.84672
3.08389 0.85251
3.06465 0.85787
3.04729 0.86275
3.03186 0.86714
3.01840 0.87101
3.00695 0.87433
2.99754 0.87707
2.99019 0.87923
2.98493 0.88078
2.98176 0.88171
2.98070 0.88203
2.98176 0.88171
2.98493 0.88078
2.99019 0.87923
2.99754 0.87707
3.00695 0.87433
3.01840 0.87101
3.03186 0.86714
3.04729 0.86275
3.06465 0.85787
3.08389 0.85251
3.10498 0.84672
3.12786 0.84053
3.15248 0.83396
3.17879 0.82706
3.20675 0.81985
3.23629 0.81237
3.26737 0.80464
3.29993 0.79670
