2.47493 0.64755
2.50560 0.68038
2.52976 0.71216
2.54811 0.74283
2.56134 0.77231
2.57014 0.80052
2.57520 0.82737
2.57715 0.85274
2.57662 0.87653
2.57419 0.89862
2.57042 0.91887
2.56580 0.93715
2.56080 0.95334
2.55584 0.96730
2.55127 0.97891
2.54739 0.98806
2.54444 0.99467
2.54260 0.99866
2.54198 1.00000
2.54260 0.99866
2.54444 0.99467
2.54739 0.98806
2.55127 0.97891
2.55584 0.96730
2.56080 0.95334
2.56580 0.93715
2.57042 0.91887
2.57419 0.89862
2.57662 0.87653
2.57715 0.85274
2.57520 0.82737
2.57014 0.80052
2.56134 0.77231
2.54811 0.74283
2.52976 0.71216
2.50560 0.68038
2.47493 0.64755
1.90996 0.62490
1.90096 0.65490
1.88714 0.68434
1.86946 0.71322
1.84878 0.74149
1.82584 0.76914
1.80133 0.79610
1.77586 0.82228
1.74998 0.84759
1.72422 0.87189
1.69908 0.89499
1.67506 0.91667
1.65265 0.93665
1.63237 0.95459
1.61476 0.97010
1.60034 0.98278
1.58961 0.99221
1.58299 0.99803
1.58075 1.00000
1.58299 0.99803
1.58961 0.99221
1.60034 0.98278
1.61476 0.97010
1.63237 0.95459
1.65265 0.93665
1.67506 0.91667
1.69908 0.89499
1.72422 0.87189
1.74998 0.84759
1.77586 0.82228
1.80133 0.79610
1.82584 0.76914
1.84878 0.74149
1.86946 0.71322
1.88714 0.68434
1.90096 0.65490
1.90996 0.62490
1.76067 0.61681
1.72656 0.64437
1.69084 0.67134
1.65421 0.69778
1.61721 0.72374
1.58028 0.74926
1.54374 0.77437
1.50788 0.79910
1.47291 0.82344
1.43902 0.84738
1.40640 0.87085
1.37526 0.89375
1.34587 0.91589
1.31859 0.93696
1.29394 0.95649
1.27269 0.97372
1.25594 0.98759
1.24503 0.99676
1.24122 1.00000
1.24503 0.99676
1.25594 0.98759
1.27269 0.97372
1.29394 0.95649
1.31859 0.93696
1.34587 0.91589
1.37526 0.89375
1.40640 0.87085
1.43902 0.84738
1.47291 0.82344
1.50788 0.79910
1.54374 0.77437
1.58028 0.74926
1.61721 0.72374
1.65421 0.69778
1.69084 0.67134
1.72656 0.64437
1.76067 0.61681
1.66165 0.63250
1.61312 0.65674
1.56616 0.68023
1.52097 0.70306
1.47766 0.72535
1.43625 0.74718
1.39672 0.76865
1.35902 0.78984
1.32307 0.81082
1.28880 0.83167
1.25612 0.85246
1.22494 0.87322
1.19521 0.89400
1.16689 0.91480
1.14001 0.93556
1.11477 0.95608
1.09177 0.97570
1.07307 0.99239
1.06479 1.00000
1.07307 0.99239
1.09177 0.97570
1.11477 0.95608
1.14001 0.93556
1.16689 0.91480
1.19521 0.89400
1.22494 0.87322
1.25612 0.85246
1.28880 0.83167
1.32307 0.81082
1.35902 0.78984
1.39672 0.76865
1.43625 0.74718
1.47766 0.72535
1.52097 0.70306
1.56616 0.68023
1.61312 0.65674
1.66165 0.63250
1.56659 0.66512
1.51200 0.68505
1.46140 0.70409
1.41448 0.72238
1.37094 0.74006
1.33046 0.75724
1.29278 0.77403
1.25763 0.79053
1.22477 0.80682
1.19399 0.82300
1.16509 0.83912
1.13791 0.85526
1.11229 0.87148
1.08814 0.88781
1.06538 0.90425
1.04404 0.92072
1.02444 0.93688
1.00790 0.95136
1.00000 0.95857
1.00790 0.95136
1.02444 0.93688
1.04404 0.92072
1.06538 0.90425
1.08814 0.88781
1.11229 0.87148
1.13791 0.85526
1.16509 0.83912
1.19399 0.82300
1.22477 0.80682
1.25763 0.79053
1.29278 0.77403
1.33046 0.75724
1.37094 0.74006
1.41448 0.72238
1.46140 0.70409
1.51200 0.68505
1.56659 0.66512
1.47084 0.70911
1.41671 0.72364
1.36790 0.73732
1.32376 0.75027
1.28370 0.76265
1.24725 0.77456
1.21399 0.78608
1.18357 0.79731
1.15570 0.80829
1.13015 0.81906
1.10672 0.82966
1.08529 0.84007
1.06577 0.85024
1.04818 0.86008
1.03265 0.86938
1.01945 0.87778
1.00911 0.88474
1.00236 0.88946
1.00000 0.89115
1.00236 0.88946
1.00911 0.88474
1.01945 0.87778
1.03265 0.86938
1.04818 0.86008
1.06577 0.85024
1.08529 0.84007
1.10672 0.82966
1.13015 0.81906
1.15570 0.80829
1.18357 0.79731
1.21399 0.78608
1.24725 0.77456
1.28370 0.76265
1.32376 0.75027
1.36790 0.73732
1.41671 0.72364
1.47084 0.70911
1.38128 0.75799
1.33187 0.76632
1.28810 0.77404
1.24917 0.78126
1.21442 0.78807
1.18333 0.79455
1.15545 0.80074
1.13044 0.80670
1.10800 0.81244
1.08790 0.81796
1.06998 0.82327
1.05412 0.82832
1.04023 0.83307
1.02830 0.83742
1.01835 0.84128
1.01045 0.84452
1.00469 0.84697
1.00118 0.84851
1.00000 0.84904
1.00118 0.84851
1.00469 0.84697
1.01045 0.84452
1.01835 0.84128
1.02830 0.83742
1.04023 0.83307
1.05412 0.82832
1.06998 0.82327
1.08790 0.81796
1.10800 0.81244
1.13044 0.80670
1.15545 0.80074
1.18333 0.79455
1.21442 0.78807
1.24917 0.78126
1.28810 0.77404
1.33187 0.76632
1.38128 0.75799
1.31248 0.80040
1.26890 0.80298
1.23067 0.80533
1.19701 0.80751
1.16730 0.80954
1.14105 0.81145
1.11784 0.81325
1.09735 0.81496
1.07928 0.81658
1.06342 0.81811
1.04959 0.81954
1.03765 0.82087
1.02747 0.82207
1.01898 0.82314
1.01210 0.82405
1.00678 0.82479
1.00301 0.82533
1.00075 0.82566
1.00000 0.82577
1.00075 0.82566
1.00301 0.82533
1.00678 0.82479
1.01210 0.82405
1.01898 0.82314
1.02747 0.82207
1.03765 0.82087
1.04959 0.81954
1.06342 0.81811
1.07928 0.81658
1.09735 0.81496
1.11784 0.81325
1.14105 0.81145
1.16730 0.80954
1.19701 0.80751
1.23067 0.80533
1.26890 0.80298
1.31248 0.80040
1.28540 0.81831
1.24460 0.81831
1.20890 0.81831
1.17759 0.81831
1.15007 0.81831
1.12587 0.81831
1.10460 0.81831
1.08593 0.81831
1.06959 0.81831
1.05536 0.81831
1.04305 0.81831
1.03251 0.81831
1.02360 0.81831
1.01623 0.81831
1.01030 0.81831
1.00576 0.81831
1.00255 0.81831
1.00064 0.81831
1.00000 0.81831
1.00064 0.81831
1.00255 0.81831
1.00576 0.81831
1.01030 0.81831
1.01623 0.81831
1.02360 0.81831
1.03251 0.81831
1.04305 0.81831
1.05536 0.81831
1.06959 0.81831
1.08593 0.81831
1.10460 0.81831
1.12587 0.81831
1.15007 0.81831
1.17759 0.81831
1.20890 0.81831
1.24460 0.81831
1.28540 0.81831
1.31248 0.80040
1.26890 0.80298
1.23067 0.80533
1.19701 0.80751
1.16730 0.80954
1.14105 0.81145
1.11784 0.81325
1.09735 0.81496
1.07928 0.81658
1.06342 0.81811
1.04959 0.81954
1.03765 0.82087
1.02747 0.82207
1.01898 0.82314
1.01210 0.82405
1.00678 0.82479
1.00301 0.82533
1.00075 0.82566
1.00000 0.82577
1.00075 0.82566
1.00301 0.82533
1.00678 0.82479
1.01210 0.82405
1.01898 0.82314
1.02747 0.82207
1.03765 0.82087
1.04959 0.81954
1.06342 0.81811
1.07928 0.81658
1.09735 0.81496
1.11784 0.81325
1.14105 0.81145
1.16730 0.80954
1.19701 0.80751
1.23067 0.80533
1.26890 0.80298
1.31248 0.80040
1.38128 0.75799
1.33187 0.76632
1.28810 0.77404
1.24917 0.78126
1.21442 0.78807
1.18333 0.79455
1.15545 0.80074
1.13044 0.80670
1.10800 0.81244
1.08790 0.81796
1.06998 0.82327
1.05412 0.82832
1.04023 0.83307
1.02830 0.83742
1.01835 0.84128
1.01045 0.84452
1.00469 0.84697
1.00118 0.84851
1.00000 0.84904
1.00118 0.84851
1.00469 0.84697
1.01045 0.84452
1.01835 0.84128
1.02830 0.83742
1.04023 0.83307
1.05412 0.82832
1.06998 0.82327
1.08790 0.81796
1.10800 0.81244
1.13044 0.80670
1.15545 0.80074
1.18333 0.79455
1.21442 0.78807
1.24917 0.78126
1.28810 0.77404
1.33187 0.76632
1.38128 0.75799
1.47084 0.70911
1.41671 0.72364
1.36790 0.73732
1.32376 0.75027
1.28370 0.76265
1.24725 0.77456
1.21399 0.78608
1.18357 0.79731
1.15570 0.80829
1.13015 0.81906
1.10672 0.82966
1.08529 0.84007
1.06577 0.85024
1.04818 0.86008
1.03265 0.86938
1.01945 0.87778
1.00911 0.88474
1.00236 0.88946
1.00000 0.89115
1.00236 0.88946
1.00911 0.88474
1.01945 0.87778
1.03265 0.86938
1.04818 0.86008
1.06577 0.85024
1.08529 0.84007
1.10672 0.82966
1.13015 0.81906
1.15570 0.80829
1.18357 0.79731
1.21399 0.78608
1.24725 0.77456
1.28370 0.76265
1.32376 0.75027
1.36790 0.73732
1.41671 0.72364
1.47084 0.70911
1.56659 0.66512
1.51200 0.68505
1.46140 0.70409
1.41448 0.72238
1.37094 0.74006
1.33046 0.75724
1.29278 0.77403
1.25763 0.79053
1.22477 0.80682
1.19399 0.82300
1.16509 0.83912
1.13791 0.85526
1.11229 0.87148
1.08814 0.88781
1.06538 0.90425
1.04404 0.92072
1.02444 0.93688
1.00790 0.95136
1.00000 0.95857
1.00790 0.95136
1.02444 0.93688
1.04404 0.92072
1.06538 0.90425
1.08814 0.88781
1.11229 0.87148
1.13791 0.85526
1.16509 0.83912
1.19399 0.82300
1.22477 0.80682
1.25763 0.79053
1.29278 0.77403
1.33046 0.75724
1.37094 0.74006
1.41448 0.72238
1.46140 0.70409
1.51200 0.68505
1.56659 0.66512
1.66165 0.63250
1.61312 0.65674
1.56616 0.68023
1.52097 0.70306
1.47766 0.72535
1.43625 0.74718
1.39672 0.76865
1.35902 0.78984
1.32307 0.81082
1.28880 0.83167
1.25612 0.85246
1.22494 0.87322
1.19521 0.89400
1.16689 0.91480
1.14001 0.93556
1.11477 0.95608
1.09177 0.97570
1.07307 0.99239
1.06479 1.00000
1.07307 0.99239
1.09177 0.97570
1.11477 0.95608
1.14001 0.93556
1.16689 0.91480
1.19521 0.89400
1.22494 0.87322
1.25612 0.85246
1.28880 0.83167
1.32307 0.81082
1.35902 0.78984
1.39672 0.76865
1.43625 0.74718
1.47766 0.72535
1.52097 0.70306
1.56616 0.68023
1.61312 0.65674
1.66165 0.63250
1.76067 0.61681
1.72656 0.64437
1.69084 0.67134
1.65421 0.69778
1.61721 0.72374
1.58028 0.74926
1.54374 0.77437
1.50788 0.79910
1.47291 0.82344
1.43902 0.84738
1.40640 0.87085
1.37526 0.89375
1.34587 0.91589
1.31859 0.93696
1.29394 0.95649
1.27269 0.97372
1.25594 0.98759
1.24503 0.99676
1.24122 1.00000
1.24503 0.99676
1.25594 0.98759
1.27269 0.97372
1.29394 0.95649
1.31859 0.93696
1.34587 0.91589
1.37526 0.89375
1.40640 0.87085
1.43902 0.84738
1.47291 0.82344
1.50788 0.79910
1.54374 0.77437
1.58028 0.74926
1.61721 0.72374
1.65421 0.69778
1.69084 0.67134
1.72656 0.64437
1.76067 0.61681
1.90996 0.62490
1.90096 0.65490
1.88714 0.68434
1.86946 0.71322
1.84878 0.74149
1.82584 0.76914
1.80133 0.79610
1.77586 0.82228
1.74998 0.84759
1.72422 0.87189
1.69908 0.89499
1.67506 0.91667
1.65265 0.93665
1.63237 0.95459
1.61476 0.97010
1.60034 0.98278
1.58961 0.99221
1.58299 0.99803
1.58075 1.00000
1.58299 0.99803
1.58961 0.99221
1.60034 0.98278
1.61476 0.97010
1.63237 0.95459
1.65265 0.93665
1.67506 0.91667
1.69908 0.89499
1.72422 0.87189
1.74998 0.84759
1.77586 0.82228
1.80133 0.79610
1.82584 0.76914
1.84878 0.74149
1.86946 0.71322
1.88714 0.68434
1.90096 0.65490
1.90996 0.62490
2.47493 0.64755
2.50560 0.68038
2.52976 0.71216
2.54811 0.74283
2.56134 0.77231
2.57014 0.80052
2.57520 0.82737
2.57715 0.85274
2.57662 0.87653
2.57419 0.89862
2.57042 0.91887
2.56580 0.93715
2.56080 0.95334
2.55584 0.96730
2.55127 0.97891
2.54739 0.98806
2.54444 0.99467
2.54260 0.99866
2.54198 1.00000
2.54260 0.99866
2.54444 0.99467
2.54739 0.98806
2.55127 0.97891
2.55584 0.96730
2.56080 0.95334
2.56580 0.93715
2.57042 0.91887
2.57419 0.89862
2.57662 0.87653
2.57715 0.85274
2.57520 0.82737
2.57014 0.80052
2.56134 0.77231
2.54811 0.74283
2.52976 0.71216
2.50560 0.68038
2.47493 0.64755
