3.38894 0.29508
3.23144 0.30946
3.07528 0.32517
2.92061 0.34239
2.76766 0.36132
2.61663 0.38217
2.46780 0.40522
2.32146 0.43076
2.17796 0.45915
2.03769 0.49075
1.90107 0.52602
1.76859 0.56542
1.64076 0.60947
1.51812 0.65871
1.40120 0.71367
1.29052 0.77488
1.18655 0.84278
1.08963 0.91775
1.00000 1.00000
1.08963 0.91775
1.18655 0.84278
1.29052 0.77488
1.40120 0.71367
1.51812 0.65871
1.64076 0.60947
1.76859 0.56542
1.90107 0.52602
2.03769 0.49075
2.17796 0.45915
2.32146 0.43076
2.46780 0.40522
2.61663 0.38217
2.76766 0.36132
2.92061 0.34239
3.07528 0.32517
3.23144 0.30946
3.38894 0.29508
3.25898 0.30684
3.10970 0.32157
2.96175 0.33764
2.81531 0.35520
2.67056 0.37445
2.52771 0.39562
2.38702 0.41893
2.24877 0.44469
2.11327 0.47320
1.98089 0.50482
1.85201 0.53995
1.72707 0.57902
1.60651 0.62247
1.49081 0.67078
1.38044 0.72441
1.27583 0.78381
1.17737 0.84935
1.08536 0.92135
1.00000 1.00000
1.08536 0.92135
1.17737 0.84935
1.27583 0.78381
1.38044 0.72441
1.49081 0.67078
1.60651 0.62247
1.72707 0.57902
1.85201 0.53995
1.98089 0.50482
2.11327 0.47320
2.24877 0.44469
2.38702 0.41893
2.52771 0.39562
2.67056 0.37445
2.81531 0.35520
2.96175 0.33764
3.10970 0.32157
3.25898 0.30684
3.04871 0.32801
2.91285 0.34331
2.77833 0.35993
2.64528 0.37803
2.51389 0.39779
2.38435 0.41940
2.25689 0.44309
2.13175 0.46910
2.00921 0.49771
1.88957 0.52922
1.77316 0.56396
1.66034 0.60229
1.55146 0.64456
1.44689 0.69114
1.34699 0.74239
1.25210 0.79866
1.16251 0.86021
1.07843 0.92728
1.00000 1.00000
1.07843 0.92728
1.16251 0.86021
1.25210 0.79866
1.34699 0.74239
1.44689 0.69114
1.55146 0.64456
1.66034 0.60229
1.77316 0.56396
1.88957 0.52922
2.00921 0.49771
2.13175 0.46910
2.25689 0.44309
2.38435 0.41940
2.51389 0.39779
2.64528 0.37803
2.77833 0.35993
2.91285 0.34331
3.04871 0.32801
2.76789 0.36129
2.65023 0.37733
2.53386 0.39466
2.41891 0.41341
2.30554 0.43374
2.19391 0.45581
2.08420 0.47980
1.97662 0.50592
1.87137 0.53437
1.76869 0.56539
1.66882 0.59922
1.57202 0.63612
1.47854 0.67634
1.38863 0.72013
1.30253 0.76773
1.22046 0.81936
1.14260 0.87520
1.06908 0.93538
1.00000 1.00000
1.06908 0.93538
1.14260 0.87520
1.22046 0.81936
1.30253 0.76773
1.38863 0.72013
1.47854 0.67634
1.57202 0.63612
1.66882 0.59922
1.76869 0.56539
1.87137 0.53437
1.97662 0.50592
2.08420 0.47980
2.19391 0.45581
2.30554 0.43374
2.41891 0.41341
2.53386 0.39466
2.65023 0.37733
2.76789 0.36129
2.43077 0.41139
2.33538 0.42820
2.24119 0.44619
2.14830 0.46548
2.05682 0.48619
1.96686 0.50842
1.87857 0.53232
1.79208 0.55801
1.70752 0.58564
1.62505 0.61536
1.54482 0.64732
1.46698 0.68167
1.39168 0.71856
1.31906 0.75812
1.24924 0.80049
1.18234 0.84578
1.11846 0.89409
1.05767 0.94548
1.00000 1.00000
1.05767 0.94548
1.11846 0.89409
1.18234 0.84578
1.24924 0.80049
1.31906 0.75812
1.39168 0.71856
1.46698 0.68167
1.54482 0.64732
1.62505 0.61536
1.70752 0.58564
1.79208 0.55801
1.87857 0.53232
1.96686 0.50842
2.05682 0.48619
2.14830 0.46548
2.24119 0.44619
2.33538 0.42820
2.43077 0.41139
2.05695 0.48616
1.98684 0.50331
1.91772 0.52145
1.84964 0.54065
1.78268 0.56095
1.71691 0.58244
1.65238 0.60519
1.58918 0.62925
1.52738 0.65472
1.46704 0.68164
1.40824 0.71011
1.35104 0.74017
1.29550 0.77190
1.24169 0.80536
1.18965 0.84058
1.13943 0.87763
1.09107 0.91653
1.04458 0.95732
1.00000 1.00000
1.04458 0.95732
1.09107 0.91653
1.13943 0.87763
1.18965 0.84058
1.24169 0.80536
1.29550 0.77190
1.35104 0.74017
1.40824 0.71011
1.46704 0.68164
1.52738 0.65472
1.58918 0.62925
1.65238 0.60519
1.71691 0.58244
1.78268 0.56095
1.84964 0.54065
1.91772 0.52145
1.98684 0.50331
2.05695 0.48616
1.67242 0.59793
1.62876 0.61396
1.58573 0.63063
1.54335 0.64794
1.50165 0.66594
1.46065 0.68463
1.42037 0.70404
1.38083 0.72420
1.34206 0.74512
1.30407 0.76683
1.26689 0.78934
1.23052 0.81266
1.19499 0.83683
1.16031 0.86184
1.12649 0.88771
1.09354 0.91446
1.06147 0.94209
1.03029 0.97060
1.00000 1.00000
1.03029 0.97060
1.06147 0.94209
1.09354 0.91446
1.12649 0.88771
1.16031 0.86184
1.19499 0.83683
1.23052 0.81266
1.26689 0.78934
1.30407 0.76683
1.34206 0.74512
1.38083 0.72420
1.42037 0.70404
1.46065 0.68463
1.50165 0.66594
1.54335 0.64794
1.58573 0.63063
1.62876 0.61396
1.67242 0.59793
1.30930 0.76377
1.29026 0.77504
1.27143 0.78651
1.25281 0.79820
1.23441 0.81011
1.21622 0.82222
1.19824 0.83456
1.18049 0.84711
1.16295 0.85988
1.14564 0.87287
1.12855 0.88609
1.11169 0.89953
1.09505 0.91320
1.07863 0.92710
1.06245 0.94122
1.04649 0.95557
1.03077 0.97015
1.01527 0.98496
1.00000 1.00000
1.01527 0.98496
1.03077 0.97015
1.04649 0.95557
1.06245 0.94122
1.07863 0.92710
1.09505 0.91320
1.11169 0.89953
1.12855 0.88609
1.14564 0.87287
1.16295 0.85988
1.18049 0.84711
1.19824 0.83456
1.21622 0.82222
1.23441 0.81011
1.25281 0.79820
1.27143 0.78651
1.29026 0.77504
1.30930 0.76377
1.00000 1.00000
1.00000 1.00000
1.00000 1.00000
1.00000 1.00000
1.00000 1.00000
1.00000 1.00000
1.00000 1.00000
1.00000 1.00000
1.00000 1.00000
1.00000 1.00000
1.00000 1.00000
1.00000 1.00000
1.00000 1.00000
1.00000 1.00000
1.00000 1.00000
1.00000 1.00000
1.00000 1.00000
1.00000 1.00000
1.00000 1.00000
1.00000 1.00000
1.00000 1.00000
1.00000 1.00000
1.00000 1.00000
1.00000 1.00000
1.00000 1.00000
1.00000 1.00000
1.00000 1.00000
1.00000 1.00000
1.00000 1.00000
1.00000 1.00000
1.00000 1.00000
1.00000 1.00000
1.00000 1.00000
1.00000 1.00000
1.00000 1.00000
1.00000 1.00000
1.00000 1.00000
1.30930 0.76377
1.29026 0.77504
1.27143 0.78651
1.25281 0.79820
1.23441 0.81011
1.21622 0.82222
1.19824 0.83456
1.18049 0.84711
1.16295 0.85988
1.14564 0.87287
1.12855 0.88609
1.11169 0.89953
1.09505 0.91320
1.07863 0.92710
1.06245 0.94122
1.04649 0.95557
1.03077 0.97015
1.01527 0.98496
1.00000 1.00000
1.01527 0.98496
1.03077 0.97015
1.04649 0.95557
1.06245 0.94122
1.07863 0.92710
1.09505 0.91320
1.11169 0.89953
1.12855 0.88609
1.14564 0.87287
1.16295 0.85988
1.18049 0.84711
1.19824 0.83456
1.21622 0.82222
1.23441 0.81011
1.25281 0.79820
1.27143 0.78651
1.29026 0.77504
1.30930 0.76377
1.67242 0.59793
1.62876 0.61396
1.58573 0.63063
1.54335 0.64794
1.50165 0.66594
1.46065 0.68463
1.42037 0.70404
1.38083 0.72420
1.34206 0.74512
1.30407 0.76683
1.26689 0.78934
1.23052 0.81266
1.19499 0.83683
1.16031 0.86184
1.12649 0.88771
1.09354 0.91446
1.06147 0.94209
1.03029 0.97060
1.00000 1.00000
1.03029 0.97060
1.06147 0.94209
1.09354 0.91446
1.12649 0.88771
1.16031 0.86184
1.19499 0.83683
1.23052 0.81266
1.26689 0.78934
1.30407 0.76683
1.34206 0.74512
1.38083 0.72420
1.42037 0.70404
1.46065 0.68463
1.50165 0.66594
1.54335 0.64794
1.58573 0.63063
1.62876 0.61396
1.67242 0.59793
2.05695 0.48616
1.98684 0.50331
1.91772 0.52145
1.84964 0.54065
1.78268 0.56095
1.71691 0.58244
1.65238 0.60519
1.58918 0.62925
1.52738 0.65472
1.46704 0.68164
1.40824 0.71011
1.35104 0.74017
1.29550 0.77190
1.24169 0.80536
1.18965 0.84058
1.13943 0.87763
1.09107 0.91653
1.04458 0.95732
1.00000 1.00000
1.04458 0.95732
1.09107 0.91653
1.13943 0.87763
1.18965 0.84058
1.24169 0.80536
1.29550 0.77190
1.35104 0.74017
1.40824 0.71011
1.46704 0.68164
1.52738 0.65472
1.58918 0.62925
1.65238 0.60519
1.71691 0.58244
1.78268 0.56095
1.84964 0.54065
1.91772 0.52145
1.98684 0.50331
2.05695 0.48616
2.43077 0.41139
2.33538 0.42820
2.24119 0.44619
2.14830 0.46548
2.05682 0.48619
1.96686 0.50842
1.87857 0.53232
1.79208 0.55801
1.70752 0.58564
1.62505 0.61536
1.54482 0.64732
1.46698 0.68167
1.39168 0.71856
1.31906 0.75812
1.24924 0.80049
1.18234 0.84578
1.11846 0.89409
1.05767 0.94548
1.00000 1.00000
1.05767 0.94548
1.11846 0.89409
1.18234 0.84578
1.24924 0.80049
1.31906 0.75812
1.39168 0.71856
1.46698 0.68167
1.54482 0.64732
1.62505 0.61536
1.70752 0.58564
1.79208 0.55801
1.87857 0.53232
1.96686 0.50842
2.05682 0.48619
2.14830 0.46548
2.24119 0.44619
2.33538 0.42820
2.43077 0.41139
2.76789 0.36129
2.65023 0.37733
2.53386 0.39466
2.41891 0.41341
2.30554 0.43374
2.19391 0.45581
2.08420 0.47980
1.97662 0.50592
1.87137 0.53437
1.76869 0.56539
1.66882 0.59922
1.57202 0.63612
1.47854 0.67634
1.38863 0.72013
1.30253 0.76773
1.22046 0.81936
1.14260 0.87520
1.06908 0.93538
1.00000 1.00000
1.06908 0.93538
1.14260 0.87520
1.22046 0.81936
1.30253 0.76773
1.38863 0.72013
1.47854 0.67634
1.57202 0.63612
1.66882 0.59922
1.76869 0.56539
1.87137 0.53437
1.97662 0.50592
2.08420 0.47980
2.19391 0.45581
2.30554 0.43374
2.41891 0.41341
2.53386 0.39466
2.65023 0.37733
2.76789 0.36129
3.04871 0.32801
2.91285 0.34331
2.77833 0.35993
2.64528 0.37803
2.51389 0.39779
2.38435 0.41940
2.25689 0.44309
2.13175 0.46910
2.00921 0.49771
1.88957 0.52922
1.77316 0.56396
1.66034 0.60229
1.55146 0.64456
1.44689 0.69114
1.34699 0.74239
1.25210 0.79866
1.16251 0.86021
1.07843 0.92728
1.00000 1.00000
1.07843 0.92728
1.16251 0.86021
1.25210 0.79866
1.34699 0.74239
1.44689 0.69114
1.55146 0.64456
1.66034 0.60229
1.77316 0.56396
1.88957 0.52922
2.00921 0.49771
2.13175 0.46910
2.25689 0.44309
2.38435 0.41940
2.51389 0.39779
2.64528 0.37803
2.77833 0.35993
2.91285 0.34331
3.04871 0.32801
3.25898 0.30684
3.10970 0.32157
2.96175 0.33764
2.81531 0.35520
2.67056 0.37445
2.52771 0.39562
2.38702 0.41893
2.24877 0.44469
2.11327 0.47320
1.98089 0.50482
1.85201 0.53995
1.72707 0.57902
1.60651 0.62247
1.49081 0.67078
1.38044 0.72441
1.27583 0.78381
1.17737 0.84935
1.08536 0.92135
1.00000 1.00000
1.08536 0.92135
1.17737 0.84935
1.27583 0.78381
1.38044 0.72441
1.49081 0.67078
1.60651 0.62247
1.72707 0.57902
1.85201 0.53995
1.98089 0.50482
2.11327 0.47320
2.24877 0.44469
2.38702 0.41893
2.52771 0.39562
2.67056 0.37445
2.81531 0.35520
2.96175 0.33764
3.10970 0.32157
3.25898 0.30684
3.38894 0.29508
3.23144 0.30946
3.07528 0.32517
2.92061 0.34239
2.76766 0.36132
2.61663 0.38217
2.46780 0.40522
2.32146 0.43076
2.17796 0.45915
2.03769 0.49075
1.90107 0.52602
1.76859 0.56542
1.64076 0.60947
1.51812 0.65871
1.40120 0.71367
1.29052 0.77488
1.18655 0.84278
1.08963 0.91775
1.00000 1.00000
1.08963 0.91775
1.18655 0.84278
1.29052 0.77488
1.40120 0.71367
1.51812 0.65871
1.64076 0.60947
1.76859 0.56542
1.90107 0.52602
2.03769 0.49075
2.17796 0.45915
2.32146 0.43076
2.46780 0.40522
2.61663 0.38217
2.76766 0.36132
2.92061 0.34239
3.07528 0.32517
3.23144 0.30946
3.38894 0.29508
