3.55100 0.28161
3.38332 0.29557
3.21697 0.31085
3.05213 0.32764
2.88900 0.34614
2.72782 0.36659
2.56887 0.38928
2.41247 0.41451
2.25900 0.44267
2.10888 0.47419
1.96259 0.50953
1.82068 0.54925
1.68372 0.59392
1.55235 0.64419
1.42720 0.70067
1.30890 0.76400
1.19799 0.83473
1.09493 0.91330
1.00000 1.00000
1.09493 0.91330
1.19799 0.83473
1.30890 0.76400
1.42720 0.70067
1.55235 0.64419
1.68372 0.59392
1.82068 0.54925
1.96259 0.50953
2.10888 0.47419
2.25900 0.44267
2.41247 0.41451
2.56887 0.38928
2.72782 0.36659
2.88900 0.34614
3.05213 0.32764
3.21697 0.31085
3.38332 0.29557
3.55100 0.28161
3.59646 0.27805
3.42595 0.29189
3.25676 0.30705
3.08907 0.32372
2.92309 0.34210
2.75907 0.36244
2.59729 0.38502
2.43808 0.41016
2.28181 0.43825
2.12893 0.46972
1.97992 0.50507
1.83535 0.54486
1.69582 0.58968
1.56199 0.64021
1.43452 0.69710
1.31407 0.76100
1.20121 0.83250
1.09642 0.91206
1.00000 1.00000
1.09642 0.91206
1.20121 0.83250
1.31407 0.76100
1.43452 0.69710
1.56199 0.64021
1.69582 0.58968
1.83535 0.54486
1.97992 0.50507
2.12893 0.46972
2.28181 0.43825
2.43808 0.41016
2.59729 0.38502
2.75907 0.36244
2.92309 0.34210
3.08907 0.32372
3.25676 0.30705
3.42595 0.29189
3.59646 0.27805
3.57014 0.28010
3.40127 0.29401
3.23372 0.30924
3.06768 0.32598
2.90335 0.34443
2.74098 0.36483
2.58083 0.38747
2.42325 0.41267
2.26860 0.44080
2.11732 0.47230
1.96988 0.50764
1.82685 0.54739
1.68881 0.59213
1.55641 0.64251
1.43028 0.69916
1.31107 0.76273
1.19935 0.83379
1.09556 0.91278
1.00000 1.00000
1.09556 0.91278
1.19935 0.83379
1.31107 0.76273
1.43028 0.69916
1.55641 0.64251
1.68881 0.59213
1.82685 0.54739
1.96988 0.50764
2.11732 0.47230
2.26860 0.44080
2.42325 0.41267
2.58083 0.38747
2.74098 0.36483
2.90335 0.34443
3.06768 0.32598
3.23372 0.30924
3.40127 0.29401
3.57014 0.28010
3.47568 0.28771
3.31272 0.30187
3.15109 0.31735
2.99097 0.33434
2.83256 0.35304
2.67610 0.37368
2.52184 0.39654
2.37012 0.42192
2.22128 0.45019
2.07574 0.48176
1.93395 0.51708
1.79642 0.55666
1.66372 0.60106
1.53641 0.65087
1.41510 0.70666
1.30035 0.76902
1.19267 0.83845
1.09247 0.91536
1.00000 1.00000
1.09247 0.91536
1.19267 0.83845
1.30035 0.76902
1.41510 0.70666
1.53641 0.65087
1.66372 0.60106
1.79642 0.55666
1.93395 0.51708
2.07574 0.48176
2.22128 0.45019
2.37012 0.42192
2.52184 0.39654
2.67610 0.37368
2.83256 0.35304
2.99097 0.33434
3.15109 0.31735
3.31272 0.30187
3.47568 0.28771
3.31928 0.30127
3.16618 0.31584
3.01441 0.33174
2.86415 0.34914
2.71559 0.36824
2.56894 0.38927
2.42447 0.41246
2.28246 0.43812
2.14325 0.46658
2.00721 0.49820
1.87474 0.53341
1.74631 0.57264
1.62238 0.61638
1.50347 0.66513
1.39006 0.71939
1.28264 0.77964
1.18163 0.84629
1.08734 0.91967
1.00000 1.00000
1.08734 0.91967
1.18163 0.84629
1.28264 0.77964
1.39006 0.71939
1.50347 0.66513
1.62238 0.61638
1.74631 0.57264
1.87474 0.53341
2.00721 0.49820
2.14325 0.46658
2.28246 0.43812
2.42447 0.41246
2.56894 0.38927
2.71559 0.36824
2.86415 0.34914
3.01441 0.33174
3.16618 0.31584
3.31928 0.30127
3.10951 0.32159
2.96976 0.33673
2.83134 0.35319
2.69440 0.37114
2.55913 0.39076
2.42574 0.41225
2.29444 0.43584
2.16551 0.46178
2.03922 0.49038
1.91590 0.52195
1.79590 0.55682
1.67958 0.59539
1.56733 0.63803
1.45956 0.68514
1.35665 0.73711
1.25896 0.79431
1.16681 0.85704
1.08044 0.92555
1.00000 1.00000
1.08044 0.92555
1.16681 0.85704
1.25896 0.79431
1.35665 0.73711
1.45956 0.68514
1.56733 0.63803
1.67958 0.59539
1.79590 0.55682
1.91590 0.52195
2.03922 0.49038
2.16551 0.46178
2.29444 0.43584
2.42574 0.41225
2.55913 0.39076
2.69440 0.37114
2.83134 0.35319
2.96976 0.33673
3.10951 0.32159
2.85700 0.35002
2.73353 0.36583
2.61137 0.38294
2.49065 0.40150
2.37154 0.42167
2.25421 0.44361
2.13886 0.46754
2.02570 0.49366
1.91497 0.52220
1.80692 0.55343
1.70182 0.58761
1.59996 0.62502
1.50161 0.66595
1.40708 0.71069
1.31663 0.75952
1.23051 0.81267
1.14893 0.87038
1.07206 0.93278
1.00000 1.00000
1.07206 0.93278
1.14893 0.87038
1.23051 0.81267
1.31663 0.75952
1.40708 0.71069
1.50161 0.66595
1.59996 0.62502
1.70182 0.58761
1.80692 0.55343
1.91497 0.52220
2.02570 0.49366
2.13886 0.46754
2.25421 0.44361
2.37154 0.42167
2.49065 0.40150
2.61137 0.38294
2.73353 0.36583
2.85700 0.35002
2.57418 0.38847
2.46926 0.40498
2.36558 0.42273
2.26327 0.44184
2.16244 0.46244
2.06324 0.48467
1.96583 0.50869
1.87037 0.53465
1.77702 0.56274
1.68598 0.59313
1.59743 0.62600
1.51156 0.66157
1.42857 0.70000
1.34863 0.74149
1.27192 0.78621
1.19860 0.83431
1.12877 0.88592
1.06256 0.94113
1.00000 1.00000
1.06256 0.94113
1.12877 0.88592
1.19860 0.83431
1.27192 0.78621
1.34863 0.74149
1.42857 0.70000
1.51156 0.66157
1.59743 0.62600
1.68598 0.59313
1.77702 0.56274
1.87037 0.53465
1.96583 0.50869
2.06324 0.48467
2.16244 0.46244
2.26327 0.44184
2.36558 0.42273
2.46926 0.40498
2.57418 0.38847
2.27488 0.43958
2.18996 0.45663
2.10617 0.47480
2.02359 0.49417
1.94230 0.51485
1.86243 0.53693
1.78405 0.56052
1.70729 0.58572
1.63226 0.61265
1.55906 0.64141
1.48781 0.67213
1.41863 0.70490
1.35162 0.73985
1.28688 0.77707
1.22450 0.81666
1.16457 0.85869
1.10715 0.90322
1.05228 0.95032
1.00000 1.00000
1.05228 0.95032
1.10715 0.90322
1.16457 0.85869
1.22450 0.81666
1.28688 0.77707
1.35162 0.73985
1.41863 0.70490
1.48781 0.67213
1.55906 0.64141
1.63226 0.61265
1.70729 0.58572
1.78405 0.56052
1.86243 0.53693
1.94230 0.51485
2.02359 0.49417
2.10617 0.47480
2.18996 0.45663
2.27488 0.43958
1.97374 0.50665
1.90933 0.52374
1.84584 0.54176
1.78332 0.56075
1.72184 0.58077
1.66145 0.60188
1.60220 0.62414
1.54416 0.64760
1.48738 0.67233
1.43191 0.69837
1.37782 0.72578
1.32516 0.75463
1.27397 0.78494
1.22431 0.81679
1.17621 0.85019
1.12970 0.88519
1.08482 0.92181
1.04158 0.96008
1.00000 1.00000
1.04158 0.96008
1.08482 0.92181
1.12970 0.88519
1.17621 0.85019
1.22431 0.81679
1.27397 0.78494
1.32516 0.75463
1.37782 0.72578
1.43191 0.69837
1.48738 0.67233
1.54416 0.64760
1.60220 0.62414
1.66145 0.60188
1.72184 0.58077
1.78332 0.56075
1.84584 0.54176
1.90933 0.52374
1.97374 0.50665
1.68527 0.59338
1.64072 0.60949
1.59682 0.62624
1.55359 0.64367
1.51105 0.66179
1.46922 0.68063
1.42814 0.70021
1.38782 0.72055
1.34829 0.74168
1.30956 0.76361
1.27166 0.78637
1.23460 0.80998
1.19841 0.83444
1.16309 0.85978
1.12865 0.88601
1.09512 0.91314
1.06250 0.94118
1.03079 0.97013
1.00000 1.00000
1.03079 0.97013
1.06250 0.94118
1.09512 0.91314
1.12865 0.88601
1.16309 0.85978
1.19841 0.83444
1.23460 0.80998
1.27166 0.78637
1.30956 0.76361
1.34829 0.74168
1.38782 0.72055
1.42814 0.70021
1.46922 0.68063
1.51105 0.66179
1.55359 0.64367
1.59682 0.62624
1.64072 0.60949
1.68527 0.59338
1.42218 0.70315
1.39562 0.71653
1.36939 0.73025
1.34351 0.74432
1.31798 0.75873
1.29281 0.77351
1.26800 0.78864
1.24356 0.80415
1.21948 0.82002
1.19579 0.83627
1.17247 0.85290
1.14954 0.86991
1.12699 0.88732
1.10484 0.90511
1.08308 0.92329
1.06171 0.94187
1.04074 0.96085
1.02017 0.98023
1.00000 1.00000
1.02017 0.98023
1.04074 0.96085
1.06171 0.94187
1.08308 0.92329
1.10484 0.90511
1.12699 0.88732
1.14954 0.86991
1.17247 0.85290
1.19579 0.83627
1.21948 0.82002
1.24356 0.80415
1.26800 0.78864
1.29281 0.77351
1.31798 0.75873
1.34351 0.74432
1.36939 0.73025
1.39562 0.71653
1.42218 0.70315
1.19305 0.83819
1.18151 0.84637
1.17007 0.85465
1.15873 0.86302
1.14748 0.87148
1.13632 0.88003
1.12526 0.88869
1.11429 0.89743
1.10342 0.90628
1.09264 0.91521
1.08196 0.92425
1.07138 0.93338
1.06089 0.94260
1.05050 0.95193
1.04021 0.96135
1.03001 0.97087
1.01991 0.98048
1.00991 0.99019
1.00000 1.00000
1.00991 0.99019
1.01991 0.98048
1.03001 0.97087
1.04021 0.96135
1.05050 0.95193
1.06089 0.94260
1.07138 0.93338
1.08196 0.92425
1.09264 0.91521
1.10342 0.90628
1.11429 0.89743
1.12526 0.88869
1.13632 0.88003
1.14748 0.87148
1.15873 0.86302
1.17007 0.85465
1.18151 0.84637
1.19305 0.83819
1.00000 1.00000
1.00000 1.00000
1.00000 1.00000
1.00000 1.00000
1.00000 1.00000
1.00000 1.00000
1.00000 1.00000
1.00000 1.00000
1.00000 1.00000
1.00000 1.00000
1.00000 1.00000
1.00000 1.00000
1.00000 1.00000
1.00000 1.00000
1.00000 1.00000
1.00000 1.00000
1.00000 1.00000
1.00000 1.00000
1.00000 1.00000
1.00000 1.00000
1.00000 1.00000
1.00000 1.00000
1.00000 1.00000
1.00000 1.00000
1.00000 1.00000
1.00000 1.00000
1.00000 1.00000
1.00000 1.00000
1.00000 1.00000
1.00000 1.00000
1.00000 1.00000
1.00000 1.00000
1.00000 1.00000
1.00000 1.00000
1.00000 1.00000
1.00000 1.00000
1.00000 1.00000
1.19434 0.83728
1.18273 0.84550
1.17121 0.85382
1.15978 0.86223
1.14845 0.87074
1.13722 0.87934
1.12608 0.88804
1.11504 0.89683
1.10409 0.90572
1.09324 0.91471
1.08249 0.92380
1.07184 0.93298
1.06128 0.94226
1.05082 0.95164
1.04046 0.96111
1.03020 0.97069
1.02003 0.98036
1.00997 0.99013
1.00000 1.00000
1.00997 0.99013
1.02003 0.98036
1.03020 0.97069
1.04046 0.96111
1.05082 0.95164
1.06128 0.94226
1.07184 0.93298
1.08249 0.92380
1.09324 0.91471
1.10409 0.90572
1.11504 0.89683
1.12608 0.88804
1.13722 0.87934
1.14845 0.87074
1.15978 0.86223
1.17121 0.85382
1.18273 0.84550
1.19434 0.83728
1.44939 0.68994
1.42099 0.70373
1.39296 0.71789
1.36531 0.73243
1.33804 0.74736
1.31117 0.76268
1.28469 0.77839
1.25863 0.79452
1.23297 0.81105
1.20773 0.82800
1.18291 0.84537
1.15852 0.86317
1.13455 0.88140
1.11103 0.90007
1.08794 0.91917
1.06529 0.93871
1.04308 0.95870
1.02132 0.97913
1.00000 1.00000
1.02132 0.97913
1.04308 0.95870
1.06529 0.93871
1.08794 0.91917
1.11103 0.90007
1.13455 0.88140
1.15852 0.86317
1.18291 0.84537
1.20773 0.82800
1.23297 0.81105
1.25863 0.79452
1.28469 0.77839
1.31117 0.76268
1.33804 0.74736
1.36531 0.73243
1.39296 0.71789
1.42099 0.70373
1.44939 0.68994
1.89302 0.52826
1.83416 0.54521
1.77614 0.56302
1.71903 0.58172
1.66286 0.60137
1.60768 0.62201
1.55354 0.64369
1.50048 0.66645
1.44855 0.69035
1.39780 0.71541
1.34826 0.74170
1.29998 0.76924
1.25300 0.79808
1.20736 0.82826
1.16307 0.85979
1.12018 0.89272
1.07869 0.92705
1.03863 0.96281
1.00000 1.00000
1.03863 0.96281
1.07869 0.92705
1.12018 0.89272
1.16307 0.85979
1.20736 0.82826
1.25300 0.79808
1.29998 0.76924
1.34826 0.74170
1.39780 0.71541
1.44855 0.69035
1.50048 0.66645
1.55354 0.64369
1.60768 0.62201
1.66286 0.60137
1.71903 0.58172
1.77614 0.56302
1.83416 0.54521
1.89302 0.52826
